0.2054,0.7351,0
0.2054,0.7327,1
0.2054,0.7277,1
0.2030,0.7277,1
0.2030,0.7252,1
0.2005,0.7228,1
0.2005,0.7178,1
0.2005,0.7153,1
0.2005,0.7129,1
0.2005,0.7104,1
0.2005,0.7079,1
0.1980,0.7054,1
0.1980,0.7030,1
0.1980,0.7005,1
0.1980,0.6980,1
0.1955,0.6955,1
0.1955,0.6931,1
0.1955,0.6906,1
0.1955,0.6881,1
0.1931,0.6881,1
0.1931,0.6856,1
0.1931,0.6832,1
0.1906,0.6832,1
0.1906,0.6807,1
0.1906,0.6782,1
0.1881,0.6782,1
0.1881,0.6757,1
0.1881,0.6733,1
0.1856,0.6733,1
0.1856,0.6708,1
0.1856,0.6683,1
0.1856,0.6658,1
0.1856,0.6634,1
0.1832,0.6634,1
0.1832,0.6609,1
0.1832,0.6584,1
0.1807,0.6584,1
0.1807,0.6559,1
0.1782,0.6535,1
0.1782,0.6510,1
0.1757,0.6510,1
0.1757,0.6485,1
0.1757,0.6460,1
0.1757,0.6436,1
0.1733,0.6436,1
0.1733,0.6411,1
0.1733,0.6386,1
0.1733,0.6361,1
0.1708,0.6337,1
0.1708,0.6312,1
0.1708,0.6287,1
0.1683,0.6262,1
0.1658,0.6238,1
0.1658,0.6213,1
0.1658,0.6188,1
0.1658,0.6163,1
0.1658,0.6139,1
0.1634,0.6139,1
0.1609,0.6114,1
0.1609,0.6089,1
0.1609,0.6064,1
0.1584,0.6040,1
0.1584,0.6015,1
0.1559,0.5990,1
0.1559,0.5965,1
0.1535,0.5941,1
0.1782,0.6609,0
0.1807,0.6634,1
0.1832,0.6634,1
0.1856,0.6634,1
0.1906,0.6634,1
0.1955,0.6634,1
0.1980,0.6634,1
0.2005,0.6634,1
0.2030,0.6634,1
0.2054,0.6634,1
0.2079,0.6634,1
0.2104,0.6634,1
0.2129,0.6634,1
0.2153,0.6634,1
0.2178,0.6634,1
0.2203,0.6634,1
0.2228,0.6634,1
0.2252,0.6634,1
0.2277,0.6634,1
0.2302,0.6634,1
0.2327,0.6634,1
0.2351,0.6634,1
0.2376,0.6634,1
0.2401,0.6634,1
0.2426,0.6634,1
0.2450,0.6634,1
0.2475,0.6634,1
0.2500,0.6634,1
0.2500,0.6683,0
0.2500,0.6683,1
0.2500,0.6708,1
0.2500,0.6733,1
0.2500,0.6757,1
0.2475,0.6782,1
0.2450,0.6832,1
0.2426,0.6881,1
0.2426,0.6906,1
0.2426,0.6931,1
0.2401,0.6931,1
0.2401,0.6955,1
0.2376,0.6980,1
0.2376,0.7005,1
0.2376,0.7030,1
0.2351,0.7030,1
0.2351,0.7054,1
0.2351,0.7079,1
0.2327,0.7079,1
0.2327,0.7104,1
0.2302,0.7129,1
0.2277,0.7153,1
0.2277,0.7178,1
0.2252,0.7178,1
0.2252,0.7203,1
0.2252,0.7228,1
0.2228,0.7228,1
0.2228,0.7252,1
0.2203,0.7252,1
0.2203,0.7277,1
0.2178,0.7277,1
0.2178,0.7302,1
0.2153,0.7302,1
0.2153,0.7327,1
0.2129,0.7327,1
0.2847,0.6015,0
0.2847,0.6040,1
0.2847,0.6064,1
0.2822,0.6089,1
0.2797,0.6089,1
0.2797,0.6114,1
0.2797,0.6139,1
0.2797,0.6163,1
0.2772,0.6188,1
0.2772,0.6213,1
0.2748,0.6238,1
0.2748,0.6262,1
0.2723,0.6287,1
0.2698,0.6287,1
0.2698,0.6312,1
0.2673,0.6337,1
0.2649,0.6337,1
0.2649,0.6361,1
0.2649,0.6386,1
0.2624,0.6411,1
0.2599,0.6411,1
0.2599,0.6436,1
0.2599,0.6460,1
0.2599,0.6485,1
0.2599,0.6510,1
0.2599,0.6535,1
0.2574,0.6559,1
0.2550,0.6559,1
0.3837,0.6089,0
0.3837,0.6188,1
0.3837,0.6213,1
0.3837,0.6262,1
0.3837,0.6287,1
0.3837,0.6361,1
0.3837,0.6411,1
0.3837,0.6436,1
0.3837,0.6485,1
0.3837,0.6535,1
0.3837,0.6584,1
0.3837,0.6609,1
0.3837,0.6634,1
0.3837,0.6658,1
0.3837,0.6683,1
0.3837,0.6708,1
0.3837,0.6757,1
0.3837,0.6782,1
0.3837,0.6807,1
0.3837,0.6832,1
0.3837,0.6856,1
0.3837,0.6881,1
0.3837,0.6906,1
0.3837,0.6931,1
0.3837,0.6980,1
0.3837,0.7005,1
0.3837,0.7030,1
0.3837,0.7054,1
0.3837,0.7079,1
0.3837,0.7104,1
0.3837,0.7129,1
0.3837,0.7153,1
0.3837,0.7178,1
0.3837,0.7203,1
0.3812,0.7228,1
0.3812,0.7252,1
0.3812,0.7228,1
0.3837,0.7228,1
0.3861,0.7178,1
0.3886,0.7153,1
0.3911,0.7129,1
0.3936,0.7104,1
0.3936,0.7079,1
0.3985,0.7030,1
0.4010,0.7030,1
0.4035,0.6980,1
0.4059,0.6955,1
0.4084,0.6931,1
0.4109,0.6906,1
0.4134,0.6881,1
0.4158,0.6881,1
0.4183,0.6832,1
0.4233,0.6807,1
0.4257,0.6782,1
0.4257,0.6757,1
0.4282,0.6733,1
0.4332,0.6708,1
0.4332,0.6683,1
0.4356,0.6634,1
0.4381,0.6634,1
0.4406,0.6584,1
0.4431,0.6584,1
0.4431,0.6535,1
0.4455,0.6535,1
0.4480,0.6535,1
0.4480,0.6510,1
0.4480,0.6485,1
0.4505,0.6485,1
0.4530,0.6485,1
0.4530,0.6460,1
0.4554,0.6436,1
0.4579,0.6436,1
0.4579,0.6411,1
0.4579,0.6386,1
0.4604,0.6386,1
0.4629,0.6386,1
0.4629,0.6361,1
0.4629,0.6337,1
0.4653,0.6312,1
0.4678,0.6287,1
0.4678,0.6262,1
0.4703,0.6238,1
0.4728,0.6238,1
0.4728,0.6213,1
0.4752,0.6213,1
0.4752,0.6188,1
0.4777,0.6188,1
0.4777,0.6163,1
0.4802,0.6163,1
0.4802,0.6139,1
0.4827,0.6139,1
0.4827,0.6114,1
0.4827,0.6089,1
0.4827,0.6114,1
0.4827,0.6139,1
0.4827,0.6163,1
0.4827,0.6188,1
0.4827,0.6213,1
0.4827,0.6238,1
0.4827,0.6262,1
0.4827,0.6287,1
0.4827,0.6312,1
0.4827,0.6337,1
0.4827,0.6361,1
0.4827,0.6386,1
0.4827,0.6411,1
0.4827,0.6436,1
0.4827,0.6460,1
0.4827,0.6485,1
0.4802,0.6510,1
0.4802,0.6535,1
0.4802,0.6559,1
0.4802,0.6584,1
0.4802,0.6609,1
0.4802,0.6634,1
0.4802,0.6658,1
0.4802,0.6683,1
0.4802,0.6708,1
0.4802,0.6733,1
0.4802,0.6757,1
0.4802,0.6782,1
0.4802,0.6807,1
0.4802,0.6832,1
0.4802,0.6856,1
0.4802,0.6881,1
0.4802,0.6906,1
0.4802,0.6931,1
0.4802,0.6955,1
0.4802,0.6980,1
0.4802,0.7005,1
0.4802,0.7030,1
0.4777,0.7030,1
0.4777,0.7054,1
0.4777,0.7079,1
0.4777,0.7104,1
0.4777,0.7129,1
0.4777,0.7153,1
0.4777,0.7178,1
0.4777,0.7203,1
0.4777,0.7228,1
0.4777,0.7252,1
0.4777,0.7277,1
0.4752,0.7277,1
0.4752,0.7302,1
0.4752,0.7327,1
0.6163,0.7228,0
0.6114,0.7228,1
0.6089,0.7228,1
0.6064,0.7228,1
0.6040,0.7228,1
0.6015,0.7228,1
0.5965,0.7228,1
0.5916,0.7228,1
0.5891,0.7228,1
0.5866,0.7228,1
0.5842,0.7228,1
0.5817,0.7228,1
0.5792,0.7228,1
0.5767,0.7228,1
0.5743,0.7228,1
0.5718,0.7228,1
0.5693,0.7228,1
0.5668,0.7228,1
0.5644,0.7228,1
0.5619,0.7228,1
0.5594,0.7228,1
0.5569,0.7228,1
0.5569,0.7203,1
0.5569,0.7178,1
0.5594,0.7178,1
0.5594,0.7153,1
0.5594,0.7129,1
0.5594,0.7104,1
0.5619,0.7104,1
0.5619,0.7079,1
0.5619,0.7054,1
0.5619,0.7030,1
0.5619,0.7005,1
0.5619,0.6980,1
0.5619,0.6955,1
0.5619,0.6931,1
0.5619,0.6906,1
0.5619,0.6881,1
0.5619,0.6856,1
0.5619,0.6832,1
0.5619,0.6807,1
0.5619,0.6782,1
0.5619,0.6757,1
0.5619,0.6733,1
0.5619,0.6708,1
0.5619,0.6683,1
0.5619,0.6658,1
0.5619,0.6634,1
0.5619,0.6609,1
0.5619,0.6584,1
0.5619,0.6559,1
0.5644,0.6559,1
0.5668,0.6559,1
0.5693,0.6559,1
0.5718,0.6559,1
0.5767,0.6559,1
0.5792,0.6559,1
0.5817,0.6559,1
0.5842,0.6559,1
0.5866,0.6559,1
0.5891,0.6559,1
0.5916,0.6559,1
0.5941,0.6559,1
0.5965,0.6559,1
0.6015,0.6559,1
0.6040,0.6559,1
0.6064,0.6559,1
0.6089,0.6559,1
0.6114,0.6559,1
0.6139,0.6559,1
0.6163,0.6559,1
0.6188,0.6559,1
0.5668,0.6584,0
0.5668,0.6559,1
0.5668,0.6535,1
0.5668,0.6510,1
0.5668,0.6485,1
0.5668,0.6460,1
0.5693,0.6436,1
0.5693,0.6411,1
0.5693,0.6361,1
0.5718,0.6337,1
0.5718,0.6312,1
0.5718,0.6287,1
0.5718,0.6262,1
0.5718,0.6238,1
0.5718,0.6213,1
0.5718,0.6188,1
0.5718,0.6139,1
0.5743,0.6114,1
0.5743,0.6089,1
0.5743,0.6064,1
0.5743,0.6040,1
0.5743,0.6015,1
0.5743,0.5990,1
0.5743,0.5965,1
0.5743,0.5941,1
0.5743,0.5916,1
0.5743,0.5891,1
0.5743,0.5866,1
0.5743,0.5842,1
0.5767,0.5842,1
0.5792,0.5842,1
0.5817,0.5842,1
0.5866,0.5842,1
0.5891,0.5842,1
0.5916,0.5842,1
0.5941,0.5842,1
0.5965,0.5817,1
0.6015,0.5817,1
0.6040,0.5792,1
0.6064,0.5792,1
0.6089,0.5792,1
0.6114,0.5792,1
0.6139,0.5792,1
0.6163,0.5792,1
0.6163,0.5817,1
0.7252,0.7228,0
0.7228,0.7228,1
0.7203,0.7228,1
0.7178,0.7228,1
0.7153,0.7228,1
0.7129,0.7228,1
0.7104,0.7228,1
0.7079,0.7252,1
0.7054,0.7252,1
0.7030,0.7277,1
0.7005,0.7277,1
0.6980,0.7277,1
0.6955,0.7277,1
0.6931,0.7277,1
0.6906,0.7277,1
0.6881,0.7277,1
0.6856,0.7277,1
0.6856,0.7252,1
0.6856,0.7228,1
0.6832,0.7228,1
0.6807,0.7203,1
0.6782,0.7203,1
0.6757,0.7203,1
0.6733,0.7203,1
0.6733,0.7178,1
0.6733,0.7153,1
0.6733,0.7129,1
0.6733,0.7104,1
0.6733,0.7079,1
0.6733,0.7054,1
0.6733,0.7030,1
0.6733,0.7005,1
0.6733,0.6980,1
0.6733,0.6955,1
0.6733,0.6931,1
0.6733,0.6906,1
0.6733,0.6881,1
0.6733,0.6856,1
0.6733,0.6832,1
0.6733,0.6807,1
0.6733,0.6782,1
0.6733,0.6757,1
0.6733,0.6733,1
0.6733,0.6708,1
0.6733,0.6683,1
0.6733,0.6658,1
0.6733,0.6634,1
0.6733,0.6609,1
0.6733,0.6584,1
0.6757,0.6584,1
0.6782,0.6584,1
0.6807,0.6584,1
0.6832,0.6584,1
0.6832,0.6559,1
0.6856,0.6559,1
0.6881,0.6535,1
0.6906,0.6535,1
0.6931,0.6535,1
0.6955,0.6535,1
0.6980,0.6535,1
0.7005,0.6535,1
0.7030,0.6535,1
0.7054,0.6535,1
0.7079,0.6535,1
0.7104,0.6535,1
0.7129,0.6535,1
0.7153,0.6535,1
0.7178,0.6535,1
0.7203,0.6535,1
0.7228,0.6535,1
0.7252,0.6535,1
0.7252,0.6559,1
0.7277,0.6559,1
0.7277,0.6584,1
0.6807,0.6485,1
0.6807,0.6436,1
0.6807,0.6386,1
0.6782,0.6361,1
0.6782,0.6337,1
0.6782,0.6287,1
0.6757,0.6287,1
0.6757,0.6262,1
0.6757,0.6238,1
0.6757,0.6213,1
0.6757,0.6188,1
0.6757,0.6139,1
0.6757,0.6114,1
0.6757,0.6089,1
0.6757,0.6064,1
0.6757,0.6040,1
0.6757,0.5990,1
0.6757,0.5965,1
0.6757,0.5941,1
0.6757,0.5916,1
0.6757,0.5891,1
0.6757,0.5866,1
0.6757,0.5842,1
0.6757,0.5817,1
0.6757,0.5792,1
0.6757,0.5767,1
0.6757,0.5743,1
0.6757,0.5718,1
0.6757,0.5693,1
0.6757,0.5668,1
0.6782,0.5668,1
0.6807,0.5668,1
0.6832,0.5668,1
0.6856,0.5668,1
0.6881,0.5668,1
0.6906,0.5668,1
0.6931,0.5668,1
0.6955,0.5668,1
0.6980,0.5668,1
0.7005,0.5668,1
0.7030,0.5668,1
0.7054,0.5668,1
0.7079,0.5668,1
0.7104,0.5668,1
0.7104,0.5693,1
0.7129,0.5693,1
0.7153,0.5693,1
0.7178,0.5693,1
0.7203,0.5693,1
0.7228,0.5693,1
0.7252,0.5693,1
0.7277,0.5693,1
0.7302,0.5693,1
0.7327,0.5693,1
0.7351,0.5693,1
0.7376,0.5693,1
0.7401,0.5693,1
0.7401,0.5718,1
0.3243,0.5124,0
0.3193,0.5149,1
0.3193,0.5124,1
0.3168,0.5124,1
0.3144,0.5124,1
0.3119,0.5124,1
0.3119,0.5099,1
0.3094,0.5099,1
0.3069,0.5099,1
0.3045,0.5074,1
0.3045,0.5050,1
0.3020,0.5050,1
0.2995,0.5050,1
0.2970,0.5050,1
0.2946,0.5050,1
0.2946,0.5025,1
0.2921,0.5025,1
0.2896,0.5025,1
0.2896,0.5000,1
0.2871,0.5000,1
0.2847,0.5000,1
0.2822,0.4975,1
0.2797,0.4950,1
0.2772,0.4950,1
0.2748,0.4950,1
0.2748,0.4926,1
0.2723,0.4901,1
0.2698,0.4901,1
0.2698,0.4876,1
0.2698,0.4851,1
0.2673,0.4851,1
0.2673,0.4827,1
0.2649,0.4802,1
0.2649,0.4777,1
0.2649,0.4752,1
0.2624,0.4752,1
0.2624,0.4728,1
0.2624,0.4703,1
0.2624,0.4678,1
0.2599,0.4678,1
0.2599,0.4653,1
0.2599,0.4629,1
0.2599,0.4604,1
0.2599,0.4579,1
0.2624,0.4579,1
0.2624,0.4554,1
0.2624,0.4505,1
0.2649,0.4505,1
0.2649,0.4480,1
0.2649,0.4455,1
0.2649,0.4431,1
0.2673,0.4431,1
0.2673,0.4406,1
0.2698,0.4381,1
0.2698,0.4356,1
0.2698,0.4307,1
0.2723,0.4307,1
0.2723,0.4282,1
0.2748,0.4282,1
0.2748,0.4257,1
0.2772,0.4257,1
0.2772,0.4233,1
0.2797,0.4233,1
0.2797,0.4208,1
0.2822,0.4208,1
0.2822,0.4183,1
0.2847,0.4183,1
0.2847,0.4158,1
0.2871,0.4134,1
0.2871,0.4109,1
0.2896,0.4109,1
0.2896,0.4084,1
0.2921,0.4084,1
0.2946,0.4084,1
0.2946,0.4059,1
0.2970,0.4059,1
0.2995,0.4059,1
0.2995,0.4035,1
0.3020,0.4010,1
0.3045,0.4010,1
0.3045,0.3985,1
0.3069,0.3985,1
0.3094,0.3960,1
0.3119,0.3960,1
0.3144,0.3936,1
0.3144,0.3911,1
0.3168,0.3911,1
0.3193,0.3911,1
0.3193,0.3886,1
0.3193,0.3861,1
0.3218,0.3861,1
0.3243,0.3861,1
0.3243,0.3837,1
0.3267,0.3837,1
0.3267,0.3812,1
0.3267,0.3787,1
0.3292,0.3762,1
0.3292,0.3738,1
0.3292,0.3713,1
0.3292,0.3688,1
0.3292,0.3663,1
0.3292,0.3639,1
0.3292,0.3614,1
0.3292,0.3589,1
0.3317,0.3589,1
0.3342,0.3564,1
0.3342,0.3540,1
0.3342,0.3515,1
0.3342,0.3490,1
0.3317,0.3490,1
0.3317,0.3465,1
0.3292,0.3465,1
0.3292,0.3441,1
0.3292,0.3416,1
0.3267,0.3416,1
0.3243,0.3416,1
0.3218,0.3416,1
0.3193,0.3391,1
0.3193,0.3366,1
0.3168,0.3366,1
0.3144,0.3366,1
0.3119,0.3342,1
0.3094,0.3342,1
0.3094,0.3317,1
0.3069,0.3317,1
0.3045,0.3317,1
0.3020,0.3317,1
0.2995,0.3317,1
0.2970,0.3317,1
0.2970,0.3292,1
0.2946,0.3292,1
0.2921,0.3292,1
0.2896,0.3292,1
0.2871,0.3292,1
0.2847,0.3292,1
0.2822,0.3292,1
0.2797,0.3292,1
0.2772,0.3292,1
0.2748,0.3267,1
0.2723,0.3267,1
0.2698,0.3267,1
0.2649,0.3243,1
0.2624,0.3243,1
0.2599,0.3243,1
0.2574,0.3218,1
0.2550,0.3218,1
0.2525,0.3218,1
0.2500,0.3218,1
0.2475,0.3218,1
0.2450,0.3218,1
0.4431,0.5050,0
0.4431,0.5000,1
0.4431,0.4975,1
0.4431,0.4950,1
0.4431,0.4926,1
0.4431,0.4901,1
0.4431,0.4876,1
0.4431,0.4851,1
0.4431,0.4802,1
0.4431,0.4777,1
0.4431,0.4728,1
0.4431,0.4703,1
0.4431,0.4653,1
0.4431,0.4629,1
0.4431,0.4604,1
0.4431,0.4554,1
0.4431,0.4505,1
0.4431,0.4480,1
0.4431,0.4455,1
0.4431,0.4431,1
0.4431,0.4406,1
0.4431,0.4381,1
0.4431,0.4356,1
0.4431,0.4332,1
0.4431,0.4307,1
0.4431,0.4282,1
0.4431,0.4257,1
0.4431,0.4208,1
0.4431,0.4183,1
0.4431,0.4158,1
0.4431,0.4134,1
0.4431,0.4109,1
0.4431,0.4084,1
0.4431,0.4059,1
0.4431,0.4035,1
0.4431,0.4010,1
0.4431,0.3985,1
0.4431,0.3960,1
0.4431,0.3936,1
0.4431,0.3911,1
0.4431,0.3886,1
0.4431,0.3861,1
0.4431,0.3837,1
0.4431,0.3812,1
0.4431,0.3787,1
0.4431,0.3762,1
0.4455,0.4431,0
0.4480,0.4431,1
0.4505,0.4431,1
0.4530,0.4431,1
0.4554,0.4431,1
0.4579,0.4431,1
0.4604,0.4431,1
0.4629,0.4431,1
0.4653,0.4431,1
0.4678,0.4406,1
0.4703,0.4406,1
0.4728,0.4406,1
0.4752,0.4406,1
0.4777,0.4406,1
0.4802,0.4406,1
0.4827,0.4406,1
0.4851,0.4406,1
0.4876,0.4406,1
0.4926,0.4406,1
0.4950,0.4406,1
0.4975,0.4406,1
0.5000,0.4381,1
0.5025,0.4381,1
0.5050,0.4381,1
0.5074,0.4381,1
0.5099,0.4381,1
0.5124,0.4381,1
0.5149,0.4381,1
0.5173,0.4381,1
0.5198,0.4381,1
0.5223,0.4381,1
0.5248,0.4381,1
0.5272,0.4381,1
0.5297,0.4381,1
0.5322,0.4381,1
0.5347,0.4381,1
0.5371,0.4381,1
0.5297,0.5074,0
0.5297,0.5050,1
0.5297,0.5000,1
0.5297,0.4950,1
0.5297,0.4901,1
0.5297,0.4851,1
0.5297,0.4827,1
0.5297,0.4802,1
0.5297,0.4777,1
0.5297,0.4752,1
0.5297,0.4728,1
0.5297,0.4703,1
0.5297,0.4653,1
0.5297,0.4629,1
0.5297,0.4604,1
0.5297,0.4579,1
0.5297,0.4554,1
0.5322,0.4554,1
0.5322,0.4505,1
0.5322,0.4480,1
0.5322,0.4455,1
0.5322,0.4431,1
0.5322,0.4406,1
0.5322,0.4381,1
0.5322,0.4356,1
0.5322,0.4332,1
0.5322,0.4307,1
0.5322,0.4282,1
0.5322,0.4257,1
0.5322,0.4233,1
0.5322,0.4208,1
0.5322,0.4183,1
0.5347,0.4158,1
0.5347,0.4134,1
0.5347,0.4109,1
0.5371,0.4109,1
0.5371,0.4084,1
0.5371,0.4059,1
0.5371,0.4010,1
0.5371,0.3985,1
0.5371,0.3960,1
0.5371,0.3936,1
0.5371,0.3911,1
0.5371,0.3886,1
0.5371,0.3861,1
0.5371,0.3837,1
0.5371,0.3812,1
0.5371,0.3787,1
0.5371,0.3762,1
0.5396,0.3762,1
0.5396,0.3738,1
0.5396,0.3713,1
0.5396,0.3688,1
0.5396,0.3663,1
0.5396,0.3639,1
0.5396,0.3614,1
0.5396,0.3589,1
0.5396,0.3564,1
